255 35
32 11 -26
-4 6 25
34 -3 -24
-21 -16 7
7 -4 13
23 -20 6
31 2 -9
14 -21 -5
-4 -17 12
32 -4 -30
-29 -28 14
34 13 -16
-16 13 7
22 -17 6
-26 -1 -33
-27 7 -20
31 14 -33
35 13 34
35 -4 25
-4 12 32
-5 22 -33
-16 -16 -9
11 -19 -24
-27 -27 34
23 -18 14
13 -16 -15
14 -19 -9
11 -29 32
-19 -5 -9
-18 -29 -17
-33 7 10
-33 -19 31
-21 -8 -5
-1 -5 -17
-24 7 13
-19 -21 -15
-8 -4 -33
-21 23 -16
-26 6 -18
6 23 6
-3 10 10
-33 12 -28
34 -19 25
-9 -30 -24
2 -15 -17
13 23 14
35 -30 -21
2 23 7
-17 32 -4
-20 -8 31
23 -29 12
-27 -15 14
-29 -26 23
-17 -9 12
-27 -26 34
-26 35 -28
-33 7 -1
32 6 -29
-19 -18 -1
-30 -21 -29
2 -16 -4
-4 34 -18
35 -17 22
-15 -17 -29
-4 2 -33
-21 11 -28
-1 6 -30
-20 -24 -33
-26 -21 -19
-20 -1 25
32 14 -29
10 -4 -20
12 -5 10
-8 23 10
-5 6 -9
-8 -19 -18
34 35 32
-16 25 2
-5 12 -8
-9 -30 14
10 -29 -24
-30 -28 -20
25 -30 -1
34 -19 -24
-21 -33 -21
22 13 14
-33 13 -4
10 -24 14
2 34 7
-8 32 -3
22 32 25
23 2 -15
11 31 -18
32 31 31
32 6 12
-29 -9 -3
-24 11 31
23 32 22
10 -16 32
22 -19 -4
-17 -9 -1
-1 35 -21
-28 32 12
-29 -8 34
-3 -33 25
12 -24 31
-1 -3 -29
-30 -33 2
2 31 13
31 11 14
-19 -20 -3
-1 -18 -1
-3 -28 -5
10 13 35
22 14 22
13 11 14
-21 -17 14
13 -21 -5
12 22 7
22 -16 -18
23 -8 -20
-28 -20 11
23 -21 7
7 -18 -1
-21 23 -9
31 -19 23
-21 34 -8
7 32 12
-19 -1 -8
-29 -24 11
-19 -4 -30
32 25 -30
-18 -18 2
-21 10 -15
31 -16 -1
-24 -17 10
-30 -16 -24
-5 10 25
-16 -4 -28
14 32 -4
-5 35 -3
-16 -15 -5
-3 -15 10
-24 32 25
-16 6 -24
-18 -24 -27
-4 6 -24
12 -21 2
10 -20 -5
12 -33 -15
34 -33 35
10 34 -28
34 22 -33
-19 -26 23
-28 31 -28
-28 25 31
-24 -21 -18
-17 -29 11
12 10 -26
-24 23 -17
-18 -1 -5
6 -8 7
23 -9 2
-17 11 -20
22 34 7
31 -16 12
-24 31 -5
-16 -21 31
34 -26 -8
7 -15 -1
-9 -17 22
-15 -15 -15
-26 -29 -27
-18 -16 -8
2 -28 32
32 32 31
-30 6 -9
-15 -16 -21
-4 -5 -9
-1 -24 6
-20 -9 25
-3 -20 -26
-33 25 23
-18 10 2
-5 31 14
-1 -28 -20
34 -33 -33
11 35 32
22 -15 13
-29 22 -5
-19 -17 -21
-20 23 -5
-8 -3 10
34 -33 2
34 2 -1
-3 -19 -5
-33 -17 32
-15 -33 -26
-4 -24 14
-26 -9 -30
-16 -9 35
25 25 2
25 -28 -26
-16 -27 25
-16 -4 -17
-9 12 25
-15 -18 -20
-8 2 2
31 32 -19
-8 -5 -27
22 -26 -28
-16 7 -18
-30 2 25
-20 -9 -30
-3 -9 25
34 -27 -9
-18 22 12
23 -9 2
-33 25 31
-15 12 -28
7 11 22
-24 -17 -3
-24 -1 -33
-24 11 -9
2 -20 -15
-9 -15 -8
6 35 31
-4 -28 -8
10 22 6
-9 -30 -28
-15 -3 -5
-19 -26 -1
-3 -21 12
13 32 32
11 -27 -1
35 25 31
-20 32 12
-19 -24 -9
25 -24 23
-18 13 -18
32 -1 -8
34 23 -4
-24 -15 -28
14 -29 -21
-24 25 22
-16 -8 -16
7 -20 -20
31 -29 13
2 35 -1
-9 34 -4
-21 -29 -21
-16 -29 -20
31 25 -3
-26 -26 -18
-16 -16 -30
